-7930
-4591
-5033
94
3013
-8927
-504
-8828
1307
8698
-4467
9870
-2513
-4975
-1122
9705
2037
5559
1840
8379
-983
5459
3717
7876
-2647
-2788
-6131
4749
2620
4540
7138
2023
4249
5542
-7448
9310
8404
-246
-9423
-9080
5075
-6428
1606
-6882
-487
-3614
8958
-8882
2701
-4160
-6665
4054
3354
4772
2524
-8163
-5219
4658
32
-8296
3992
-9159
9469
-5817
7500
-6693
-2382
-1647
-1400
3466
-1496
4456
-5799
2169
-6824
-1704
-4135
-2886
5507
-3694
9290
-1205
-7003
-7216
-768
-6644
3383
1515
-7214
7960
-7204
-7170
2869
9708
-709
-5844
5945
-7318
-3268
7167
-6730
9340
-1627
-2089
3293
-7742
-3125
-2390
-5640
-9822
-1888
-8701
-8472
8293
9754
9099
-998
-3110
2486
-9409
-9383
-5223
-8364
6671
-5201
4285
-9964
-4835
-2481
-6801
-821
-3353
-2917
5649
-5003
5083
-2093
-1282
7076
-5715
6975
4517
5635
5642
-3707
8422
-640
5169
-2593
-6592
8923
-1333
-72
7662
-3996
-7396
-4989
8033
-4289
5324
-3115
-4486
1431
8277
-9261
-9511
5515
-9810
-6294
-4650
6615
8446
-2866
-28
-4936
1391
3008
1549
1378
2942
-4884
-5503
-227
6518
-3569
-1633
-1447
9220
-1800
-7835
2247
9136
3338
-8023
-3375
8747
7010
5481
6975
-4375
624
1694
-7485
7992
-8002
7236
5360
7125
4066
1396
1137
-8735
7259
-8521
210
-3660
-3431
7172
3358
-2304
3311
-1912
3845
-5998
-6283
-7806
9032
-406
-8234
-5548
8946
-5291
-7980
-5157
6713
4477
-254
-7210
-3698
-3058
-9767
-8904
-3285
8019
-3039
6613
8593
-2984
-837
7192
9140
-9817
3329
-5155
4326
1724
321
-6407
-6471
-8177
-9976
7137
-8897
9443
-1154
6265
-8229
-6008
-8138
8851
2341
-5530
1064
6267
-9089
7242
-6117
9277
6568
-5642
-7920
-6303
-2510
3181
57
1556
3477
5005
-6192
-3004
77
5542
-3029
7858
5838
-6735
8801
3614
-8389
3037
-9582
8303
-8563
1867
303
3072
8213
-8738
-2250
-2835
-5836
6370
3893
-1568
6089
-4088
3907
-5141
8400
8956
-8885
7180
3187
-5419
-5997
9228
5844
-1195
-9508
-2451
-2770
-593
361
4648
8920
-6177
-3696
-8708
-3226
7828
6889
2480
9893
3492
537
8925
6931
-6290
-1316
1355
9859
-2400
8366
-1557
-3603
-3866
9763
-9167
-3278
-9367
2598
-6450
-2575
8067
6798
-3057
6324
-3430
7437
-7611
-4616
-7770
-8237
3118
-4157
-6136
6971
-7190
9548
-3607
-8633
-4957
3626
5378
-1225
5176
-8257
5377
6171
2932
-5425
3022
8026
8736
-5483
-7970
-2720
-257
-4754
-8120
-7506
2573
5445
-5561
-6487
-1134
7782
-6424
-6161
7144
9230
-8360
6903
-233
-3169
-6356
-4431
-2578
4232
-4898
9464
-4863
8608
2689
-6928
-6325
5072
-1760
9091
-1959
6189
6074
6107
864
7937
-8773
7481
-7409
-9753
1919
9132
-7285
247
-6623
7979
-3345
-689
-7817
-115
1452
1314
347
6229
-9884
8720
-3437
-8416
-789
5622
8447
1525
7210
-7594
4018
-849
2168
5396
3303
-8246
-3568
-3346
1644
-5157
-6628
-5922
5150
-179
-3441
-48
5702
-6310
5320
-2644
8021
4438
2278
-1891
4531
-5882
8272
3393
-4913
-6821
-2057
-1244
8137
4160
-4666
8890
-2567
699
2989
-5617
4210
8633
328
2625
8505
-29
-2498
8042
5339
-2314
9438
-6887
-8467
-518
1464
-9135
-2811
2102
-7314
-7978
2165
4239
6198
-4457
2412
5732
6228
9981
-6421
3493
1520
-5117
44
-9517
1484
6441
-3630
-6927
7112
-383
5169
-5778
2139
205
-9572
5211
1642
-5428
-1394
6991
-4993
-7717
-8877
3755
8137
-2630
1387
-4057
5792
-2292
-2977
7663
-876
8768
-6209
-5633
-4257
7951
-8570
-9340
-9934
8807
3706
-4798
243
-9420
-4993
9963
-5404
-2101
-5932
-5567
-4681
-2191
-8265
1937
66
6984
4170
-5245
3116
555
-4507
7618
6943
5912
4570
4898
-7671
9676
9510
-4061
538
4187
-9596
-5001
-5374
-9001
-4041
-2400
8618
3201
2840
-6572
3060
5814
-2030
7435
3380
4122
-6560
-4571
3502
-6577
1298
-1815
-8658
553
-8775
-1004
-4901
-2548
7947
-6426
-370
-9880
-2831
8362
784
2500
-1007
-6449
-7802
4119
-4090
-9517
-6163
-7187
8882
9625
-5499
-637
-550
-5071
-8469
9606
-1548
-6852
-9889
1386
2584
-7450
-8137
8660
-1023
4474
-2182
-6887
-5149
-6674
-5600
4872
4463
-4164
2721
8176
-1245
8779
-8757
-4646
-5519
5894
-177
-7027
9030
9340
-869
-2243
-5195
8778
-6352
6658
-7294
-7928
8699
5439
8111
5575
2396
-6847
-5241
-874
-8090
6130
-8004
-8891
148
4372
-915
-7675
-6330
-4272
6621
-6075
-4353
-1247
-410
-5729
-1361
3871
-825
-7633
-8845
4273
1141
-8640
9270
-7084
-2491
-5370
9914
64
-4842
-898
-3928
-3013
-9871
-4311
5719
-4214
-399
-4875
6130
-7298
-5132
8986
-6868
-7116
-1872
-9728
871
-1753
3469
-4230
1829
-3117
-1818
-6839
-862
2428
-5632
-11
3619
-5150
-7223
8613
6528
-9674
-9073
1597
5636
-2830
-4250
-4667
-2934
-2765
7390
6205
8227
7781
5229
-6760
-1810
7471
9819
-6065
-8948
-8009
-4884
-4174
-4915
-262
4293
-4614
-4100
-3955
-688
7944
-4627
5674
9620
7592
-243
-2450
-1525
-5588
176
-6795
-3174
7869
-3382
-9067
4073
9828
-7434
-8625
2707
8439
-8418
-2955
-517
4974
-573
-1733
9680
-274
-4273
-8941
2925
-9780
7724
-1331
9225
-4797
-4709
7821
1975
1300
1223
3130
-8828
-4304
-6331
8760
-5565
-2144
8651
5028
6098
-3977
9749
-465
-4674
-9852
-673
-2689
-6909
1867
1092
-7472
-5244
-5687
7280
-4457
-9818
9769
5483
-6657
-3549
1565
9853
-1111
9658
8132
-640
-4551
-8306
-8275
-8165
5689
5563
2130
-3363
-7906
8447
6482
-8882
5265
5643
-9592
-3551
-342
422
2754
6893
-7415
4982
6468
-6690
-8454
5869
-8432
-3590
-2553
3622
2625
8232
6812
-9170
-7175
-8676
4795
-4586
-565
4288
2596
-3342
1355
9616
7844
371
8473
-4840
4575
-3480
4641
4135
619
-2213
1358
171
-5479
-9298
-2378
-6240
1577
2397
2920
4328
-873
-4565
4943
8197
4925
-9172
-8615
6883
9247
5040
6053
2432
1308
-9380
-6506
6934
3674
-7865
3552
1862
-5526
9072
7408
-423
-3383
-4301
152
4096
5583
4186
-8666
1131
-7010
-8288
-5330
8476
1778
4981
733
6936
690
6191
-7571
9299
-9314
-6579
2001
-9735
-6037
-4659
-9549
-6221
7460
5242
-4464
-4153
7044
2626
2854
-9238
6021
-8063
6055
6511
2162
7482
-3175
1195
-8860
-8831
3070
6489
1101
5485
-5434
6377
-7006
-2135
-597
9883
-5585
4706
1605
-4988
-9166
-6729
642
7793
7467
8025
6861
-4931
-2576
-5768
3411
-7341
7412
-3817
4849
1461
863
9947
5362
3301
284
-8677
-4568
-4422
5461
-1513
-5226
-819
-7690
5793
1488
-2329
-1717
325
-7356
-2585
-5397
5970
9893
-1892
-6977
-8846
5167
-8961
-4631
5883
6224
-1474
7832
1248
9489
-7963
8771
-9612
-1455
-1121
-1249
-6359
641
7670
-5411
-7332
-9309
-8589
-4614
-1610
-7485
3596
7825
-4185
-9573
7568
-9530
5176
-9195
-7682
2372
-6728
2882
8848
-60
1520
774
-9535
-2082
7899
4629
-2364
-4816
8886
-2237
-6588
4198
-5596
-1162
9013
-5906
-6095
-6686
782
1748
-5045
-3146
9554
2562
-2970
-5187
-8686
3311
2680
-3388
-5839
3063
5851
1523
-9359
5006
-7140
-6724
-3094
-8037
5355
4924
469
1434
6582
2490
-3069
-7802
2389
6226
2689
3839
-3424
1634
5402
-7040
6599
8965
-3062
5480
-9936
-523
4541
-6973
-4904
9556
-4894
3334
8326
9610
-5242
9392
-6861
-6290
1332
-9703
7793
8059
-9123
-2194
8068
-8410
-9020
-2994
-7593
463
-6507
-3083
-1219
9608
7129
7421
-7972
9216
6472
-7411
8013
1746
-1927
-2682
6643
-4062
-3407
4099
9672
8305
4377
9837
1149
-286
-3626
-1188
8508
-5054
8968
7200
478
-3569
-3923
6995
-5620
9951
8803
2774
-182
9658
-4090
-6601
-1618
2552
-8379
2594
9711
8422
-5543
7264
3096
-9740
6296
-9503
782
-7701
-5669
-2630
4241
8058
296
-3989
-2129
9181
-8921
3793
5979
-2656
2791
9127
-1674
-3868
-3645
2982
-2859
-2447
-3113
-8894
-5766
-1273
-8637
7835
651
8298
9542
-4534
3349
9234
-8398
9368
-6606
-5047
-7361
-1734
-1524
9068
8926
-8336
-1180
-4431
-6221
1855
-9903
5881
1913
-3294
-483
-8012
255
1213
1976
690
-9400
752
2052
-6921
4771
7025
4533
5431
-3439
8897
-8680
2963
6391
4628
-4255
-3675
-5650
-555
-3319
-7880
5255
-7021
4334
-6537
5361
-5245
-2856
-5715
-5451
-7220
-4988
1977
-9942
175
-2137
-2997
-1718
-2109
552
-4800
-342
-2273
-4777
-1250
8354
9190
-9559
5217
-6778
6173
-7239
-9508
-560
-4994
-9105
-8829
-8782
4105
-4796
4600
5223
7281
-4013
742
1536
-2299
-7117
-1017
4462
7572
-5339
5165
-1003
-220
-6208
9347
-9570
2076
3400
-6799
4354
-8192
5552
7465
2240
9778
-694
-5566
-6190
5491
-5451
8353
1555
-7111
-6637
7289
-4939
5588
-5482
-5767
3220
3708
8655
-7831
-9109
600
1825
8190
-6680
7040
-6722
-4905
-3680
-7039
-281
-4615
-6816
2319
2756
-7764
335
5382
-1168
-5244
-7165
-5417
-8320
-9268
8212
4977
6167
9060
2435
8423
-629
6186
5439
-8173
-139
6159
-4794
4058
-692
2225
9274
3614
-8015
9460
362
-312
7109
2520
-1071
-7042
6635
362
9561
9241
6804
-9344
421
-883
5591
636
5397
9668
198
-1769
7083
670
-1192
7606
5445
-3070
9056
6594
1764
837
2003
31
370
-5180
4902
-7400
-8265
2077
8600
-2416
9624
5735
6184
-6228
-7694
-8412
8304
1797
3244
-2427
7574
-6731
181
4379
9573
-8608
3263
5880
-8833
-9959
2551
-4479
8237
9870
3251
-4623
-5649
4572
-7033
-1753
9554
8241
9506
-9967
-5894
-4415
9978
9519
-4057
-9182
-7593
5795
-7506
8130
-429
9719
-2313
-3071
1443
5144
-6870
-1598
7425
8094
8842
-3546
2434
-2406
3359
5723
-8023
-9393
-4359
2091
467
-4704
1946
7049
-5646
-8185
9651
6206
-2948
-2138
-2985
-5589
6138
-2562
2941
-4797
-4979
5579
4023
662
1016
9243
7543
-738
9681
5130
-1491
3940
1325
8889
6453
362
9739
-3027
3423
6227
-4513
2379
8452
6477
-3482
-1478
-4245
6394
7378
-8252
4006
4821
-5028
2254
2269
-6873
3619
5640
4512
-7953
-4981
-7090
-920
8126
9836
5397
-7848
4295
6714
-7097
-5145
-5047
-8134
8333
-7364
-5053
-2239
-9909
2401
-6050
2967
-5209
8071
-6964
6905
7049
8396
8578
3005
-9338
-7753
134
-8307
-4021
-3955
-6399
678
1979
-4393
8669
-5861
8409
414
495
-5254
3241
-7867
9518
-7206
-6196
1211
455
-4673
6113
5463
1792
-5247
6254
2780
-9572
-8762
120
-3544
2695
6099
3345
-3927
-7479
-5580
1998
-485
346
4308
6394
2374
2206
-2543
-4666
-106
-2545
1132
-3844
3520
5696
5195
7137
9284
-1250
9466
3164
8408
-8109
6493
-7031
1928
40
-7275
-3172
-9461
9282
-2896
7306
-1464
1800
248
2445
-3629
3194
9721
731
-9734
-4818
-2773
253
9242
-6221
-7819
-9364
34
-6669
2698
5680
-1371
134
-131
-2955
3416
5900
-5900
-5091
9523
933
-6695
216
-3580
-346
1917
4926
-8346
6978
-3030
1660
2381
-6940
2915
2162
-6629
6049
345
-4793
-4755
-2255
5505
-1096
9906
5440
7211
-224
1518
4712
5728
1577
813
2584
4205
-9525
8136
-1786
-2612
77
-3660
-853
4664
9683
8521
5175
4855
-7745
-2505
-1012
8755
4741
4104
-6971
-7968
2737
-428
-4630
5921
3913
3552
-6095
6032
175
-6085
-2180
-9348
7238
6997
-1991
-950
2110
7668
-5978
7604
-6083
7508
4120
-3030
1559
6288
7133
7058
-7104
7086
83
8205
-5522
8585
-6080
-3223
8248
9436
-8813
-8704
-7752
9052
-5891
1234
-3965
-3203
-682
4791
8311
7250
6316
4248
-5739
3078
785
7891
-6900
9020
-9018
-3955
-7428
582
-4297
5422
-3579
9278
5685
-9249
-6664
2569
6825
-4392
1395
-8833
3209
5338
752
8933
-9289
4193
-869
1330
7793
-3967
-389
7262
9139
-6605
-1741
6061
9912
-6781
-9618
6530
-6383
-754
8454
-1884
5014
822
-7776
5706
934
-4205
2109
8932
6585
-8780
-9404
4537
2586
9722
3291
6034
8929
-8315
-8911
8760
-3986
-6152
-1893
384
74
3358
6124
7037
-9479
-6904
5650
-6550
-9826
-1209
6166
1842
5763
1373
-6368
-1253
5811
9075
-7924
1603
5695
-7079
7873
-2376
5572
-3460
-9737
6329
-4106
-3352
9766
-5932
-2681
-5917
-2745
4016
-2886
6939
876
-1730
2511
-2894
5348
86
-7025
9481
-1202
-6255
-2013
-907
5967
7119
-5312
5603
-6579
7757
-9396
6856
-7629
7152
-9302
3663
-2255
9803
5102
-3572
8363
3812
-5869
-9023
-7618
7958
-9395
-4333
-5386
6544
5940
4825
7884
-2199
-3851
4539
9286
-5808
-3352
6036
-5959
3729
-9403
9133
4544
-9777
-5435
3675
-9702
-2606
7386
-9600
5639
6829
-6620
4345
-3600
3042
-562
-6347
4186
192
-2988
4625
7452
4526
-5329
9808
2267
4181
4618
-9859
2495
-6260
7478
4428
9022
-5273
3638
9820
763
5264
6564
-4449
-3648
2160
3778
-1202
4744
6954
4544
6330
5385
-6237
9822
8546
-5796
1279
-314
3496
331
-6178
-3855
7683
297
-2860
5184
-2327
-8612
-6588
-9150
2031
-6086
-3042
6359
6540
-6680
7217
2385
7404
7407
8778
-8821
6872
-8643
-379
6555
-6355
-6175
-1831
4489
6469
-8940
7360
-3188
3454
-7184
-313
1326
-8011
-6217
-9026
5715
-5521
-2690
-7350
-261
-6299
4381
-7642
-9563
-1766
157
-8994
-1524
-6824
2794
638
240
-5682
4834
2058
9948
4924
-3831
-6326
8770
3477
9371
-6203
3849
8004
-6869
7437
-899
8012
-2362
-4359
1827
8614
6868
-9479
-5612
-6944
-2864
2297
8605
-320
-1344
6079
-7963
7229
7424
-4436
9918
8459
-1523
8413
4278
6188
8326
3805
-7311
8167
4359
6522
-6974
7599
2064
3868
7812
-5339
7082
-8156
-8065
-8977
8460
-4780
935
-5824
-8106
-7526
-6482
1259
-2680
1068
1646
-6863
-6116
1116
4236
-1369
7193
-3791
6439
6069
8624
9040
-4561
4772
4582
6405
-4146
2605
4763
3302
3064
-2630
2808
9021
-8806
-369
-9823
9504
-6046
-7551
4621
9716
1187
9559
8340
7349
1719
-2349
-2274
-5066
-6000
754
6533
-8741
4
5063
-2643
4969
-5000
-8856
2564
-6671
6075
-2904
-4967
-2638
-4372
998
1607
-9128
-7401
3939
-2354
-4581
3807
-4083
-184
5827
-9485
-3920
6021
1578
-8747
-3958
-3636
8292
-9114
451
7077
422
-1908
-7511
522
1458
-1374
-6334
-1253
1092
161
-2963
5444
-9809
-4023
-9096
-8213
-6133
9400
-3924
5285
547
-1341
-6066
-2391
670
2709
4838
-2705
2467
-7460
6802
-3704
4277
-323
2922
-4467
-7066
3761
-7305
3928
5987
-5443
-2869
7836
1855
166
-9493
3352
6523
-7108
2629
-7316
7919
6966
-5399
7560
9924
8172
-1548
-2381
-3287
4490
6305
9790
-4801
-1084
-1635
5823
-1643
951
-9357
-490
5508
-8421
3098
2529
6921
-1917
-3169
8415
9629
-340
4970
-2106
8889
-7433
6036
-4425
-4511
-5598
918
7972
-7063
1116
-5079
5894
513
7497
-5053
419
-1695
2125
8504
988
8559
-8851
-3988
-3399
3989
-8229
824
6663
8217
5930
2355
6711
6069
-2551
6947
6090
-7790
-8226
8306
-450
-4598
-3558
-5179
-7145
2703
2542
-5428
-6375
-7040
-7294
-9501
3009
-7764
9508
8021
1180
5079
9681
-4763
-9758
-4899
4197
1973
1815
5873
1984
-2011
-6636
8875
-4063
-6962
7342
-895
-6081
-8173
-9815
-9081
4521
-4520
4497
-3255
-2351
7771
-3026
-416
-6625
-847
7163
-3490
8958
4572
-2389
-5107
-6368
2012
-5253
5638
3465
-2040
-8411
-1529
-5527
-6789
-1661
3158
1211
-2147
-5002
-2518
157
7821
1304
-2056
-7527
7064
-6365
2348
-887
-852
5947
4783
2729
19
-7620
-7001
-4509
-279
2883
5753
-355
4985
9977
-6560
-1441
6908
4770
9167
9979
-1652
-6636
-615
-9659
-5788
-8984
3338
-704
4432
-9309
8729
-3120
-5740
-4857
7453
-7613
-604
7166
9625
-6474
4482
-8600
6796
-2733
2711
-7137
5933
-371
-8491
2312
4606
664
4737
-3344
4798
3041
-4686
-6234
7828
7872
3915
5388
-3864
-202
-916
9306
9011
4873
-7907
-7567
-1220
-604
-4127
256
-8349
5606
-8503
4802
-6944
-8970
8025
-6675
-8794
-7720
-8139
2898
4572
-8792
391
2326
9068
1626
1241
-7887
8946
-1894
-6636
-4349
1767
-5036
9017
-9649
-7718
3075
6736
-3845
-7350
-5006
4611
664
7140
-5314
-9608
-4935
-1677
-2809
422
3110
8744
-4306
2878
6579
7095
8688
-7491
4996
1246
-1675
3817
-5217
-8279
-7442
-2478
-6369
8765
8267
-8760
9529
3692
368
9411
737
-9026
-7247
-192
-7089
1324
899
4420
-7342
8037
-6847
948
2995
8953
-2072
7889
5505
4601
7417
-9058
6413
9451
-5041
1362
9380
7670
-7194
-2045
-3499
-2629
9793
-6456
-9180
-1920
4288
4032
-1411
4963
6831
3596
7603
370
8960
3079
9098
-1675
-6
-9695
-4957
796
1941
844
83
5982
4161
5630
7946
8265
-5918
7910
5866
7118
-1996
-3862
7322
-2049
6897
1714
-6611
-8242
6121
875
6044
2359
-4888
-1380
2942
-9838
-6657
-866
-7449
-402
2222
2044
-9111
-6328
9136
6691
-3232
-6361
-564
-2338
-8944
-5689
4942
3991
7359
6313
3408
-8298
-3605
-4622
-7605
4806
-5531
5817
-6852
-6645
7586
-9687
-4721
-1110
-2904
1505
-8498
7300
208
-7909
-6886
7137
-777
-291
1576
7367
7122
423
-717
-7242
3854
375
-6480
7367
-2300
-988
1565
-2999
-895
-736
2054
-9924
559
149
-2011
-7079
-4521
5503
106
418
1409
-1105
5876
-4284
-1530
9224
-1011
-6160
-7306
4136
6979
-6849
5631
-913
-9528
-4092
-3363
-1247
-3402
4585
2259
-5571
-8831
-5860
8342
6196
9573
2100
-5174
1817
-5401
8077
-9413
5708
1030
-7719
6305
-9234
1350
8626
-3033
3476
4791
2127
2518
8391
2699
2682
4995
-8025
-2685
-2376
3671
-2249
-1896
4043
5834
-5235
84
8513
186
9669
-8051
-3366
2284
-1000
-1698
-2269
-3002
2759
-68
1062
-8335
2944
-1176
-927
-4562
-8527
489
508
-4758
-9283
-4829
-8421
6861
6888
-8355
6984
827
-8423
-7437
4152
-2867
25
-1317
-6048
-9796
5970
-9177
8946
6153
2468
3013
6348
8018
5641
8063
7011
-8487
4023
7650
3991
-6246
55
-6960
-5260
-9526
-7786
-331
-572
3479
6396
-926
4609
-640
3360
-4948
-3791
-7056
5418
-2593
-1266
-5455
7
-3708
-1388
-1273
-9602
-7095
-1226
4157
-5517
-1836
8837
-970
1482
-10000
671
4631
3332
2048
-7319
786
2654
1736
7763
1276
2399
4189
-284
4714
3627
-158
775
-3023
-2660
8295
8975
4951
-6093
8703
8211
-1826
9306
-2147
-3834
4918
1293
-8881
5649
-7728
569
8563
3447
-3945
-7919
-1242
-2525
-4392
9881
6266
-2266
-8944
-4756
5173
-444
-3882
-7715
786
8616
8264
-2154
4286
6368
-139
3201
-8965
1836
8839
3957
2242
-8895
-4488
-8515
1813
9399
-6625
-5663
-4517
-7723
-4007
-8695
-2339
2291
9576
9158
-7014
5314
1358
7522
4177
-3157
7639
1011
5511
2685
-7903
-5602
-7816
-9252
5008
-9502
9770
-8931
6979
-7622
5129
9746
7094
1638
411
-933
4581
-7306
-4889
-9004
-4349
-626
7700
-6020
-7347
4588
-2059
-5842
1415
-3556
3785
-8812
-5550
4899
2593
-3827
2655
1878
5452
4611
6167
-5217
-4525
-9205
-3715
8385
6242
-8207
4628
-6662
4879
-1140
-6829
901
-4161
-7881
9374
2892
-3984
320
-5729
-6438
9608
1677
8267
5723
-7969
4065
9252
7368
-3834
-6725
782
-3022
1369
-3473
4226
5791
-4092
-4847
-1903
3555
-3093
-4894
-9754
-9379
8333
6872
4149
3712
-2777
-2585
9199
5288
-8896
-4083
6775
7173
5406
2374
-1269
-2066
-1290
3531
-6908
491
5785
4151
2867
1517
-6390
-6717
8255
7441
3982
4992
-62
-6824
7787
894
1720
-802
669
-2079
4476
171
-2440
8835
-9823
-5922
-5578
-4635
4711
4613
-425
-5791
-8728
-8402
-5934
4679
2305
4292
853
3446
7269
-9374
5894
-3380
5976
-8157
781
-7699
2784
6382
6162
-2225
-4362
-471
7956
-5296
5756
6059
-5755
2937
-1283
1890
-256
8944
5755
7836
6837
8488
5258
-6452
-2523
-5276
8805
-6970
-1406
-7237
-6515
4414
-4855
-392
-7158
6175
-382
-5563
2451
-432
4504
-1657
-7038
2771
5156
4935
-6596
-3918
4470
-6385
-9429
9494
-2091
-4109
6533
-5953
7701
-8284
5626
6612
8359
7671
4709
4071
2249
-8331
-3950
7376
3474
9963
884
-1489
-8819
-8701
-6482
-5837
-787
-9532
-9218
-1288
-1942
-1211
9710
-3871
-2804
-7301
-2495
-4490
-8855
3221
-7812
-1875
-9053
8890
-274
5273
4285
2624
-5942
-4327
-7905
-939
84
8733
-2729
-6955
6516
-4264
-8085
-7771
-4567
4890
3660
7162
8451
8064
-1381
-9211
-4416
-2755
-1117
-4069
-7759
-3125
-4237
4083
2180
-5373
6556
-8169
9869
7651
-7812
2168
4344
-6118
5886
-2830
8509
8788
-1138
5804
-7261
-3309
8051
5995
9726
-7110
-6980
-6329
-1309
-2224
-5542
-6873
-8578
7468
-4989
-7157
9999
6773
-5243
8821
-3322
9787
8209
3510
80
-8982
7515
2567
-1382
5670
-2594
-6007
-7897
-8463
-8582
4565
-4542
-3022
6073
7055
4731
9476
-66
-1633
-5143
7568
-2137
3509
-8886
5257
-2734
3225
-8276
2465
-7228
-5832
7801
-2268
-1449
9630
8625
47
-6677
-3871
-4828
-4427
2148
-3402
-7086
1975
1188
-5588
-3940
-1813
6921
4178
9755
-9351
9613
-5018
4191
8415
-7580
-276
-4864
8973
2066
151
-916
4279
4833
1442
-1935
2145
-7531
2388
9057
2043
-3396
7716
6049
6308
7429
-2450
8968
7860
-7387
5744
-6992
-6246
-4162
3545
4346
248
809
-2011
-6219
9507
-3745
-4546
-1455
-9294
-9828
9966
-5664
-994
-2565
-6889
4559
-5323
3921
7874
-8149
-8305
-7581
2171
8140
-9827
829
-394
3789
-9761
-8437
-5325
-6131
6307
2557
-2378
-9889
177
4899
131
-9189
8986
9896
7238
-2214
-257
9215
3118
-610
-3939
-4215
8806
1700
-5358
253
8445
6138
-828
8035
7344
1147
7537
-4585
-137
-2049
-5438
-392
8098
-3986
-2986
-2645
3355
-7505
-9862
9375
1557
-8185
5794
-6141
-8979
6398
1025
1218
6460
7702
2949
-5596
6570
7869
-9114
-5608
4275
6608
9904
8786
-1574
5400
1292
3011
3702
-8344
4966
-1807
-8508
9167
-3635
7566
-1320
-2027
6175
-5859
-6450
6784
-4989
6368
8447
-5955
-2783
5641
-2659
58
7969
-213
-6860
-8231
6179
-8
4329
-5632
1954
5204
3477
9334
-8094
7603
1162
-2677
-1826
5542
8008
-3944
-2266
6213
4859
8331
-2535
-715
6477
-6655
-2655
4929
-2279
5722
9318
4862
2800
-9099
2534
-6564
-2003
3074
7069
-2699
-3838
2319
7641
6805
-2695
-8631
-3488
30
-6221
9207
-9592
1266
846
8624
-9798
-283
-6197
7994
-5959
1347
-8602
3641
4709
-2941
-8080
-1459
231
3765
3134
5525
3097
-8622
-9866
-1293
7905
8465
-3746
-4419
9892
1942
-8736
-5995
-2529
-7807
8475
3271
-9204
-6111
7662
-3497
5323
4995
4361
-7167
-5576
1651
-2329
-7909
-1627
-4971
8537
-7764
-1682
7755
8350
266
3373
-7905
-6208
1084
6522
-83
7954
-4424
-9208
5246
83
-871
-9046
-5712
-3287
4859
-1979
-5096
5457
2024
-6120
-2228
9412
-581
1659
4850
-5085
-4040
-6288
7283
8285
6284
-6342
4473
-1774
7824
1433
8850
9749
7680
1089
-3302
-7298
-7475
-104
4450
-6516
2862
-5717
-8050
-8035
4123
3257
-539
7384
-8549
-6864
-6432
6704
2404
-1168
8628
6877
2415
6321
5047
8449
-8461
-1388
3429
-7846
-2189
3182
-5498
-7623
-7523
-7270
8744
-8189
5480
3082
-3244
163
-4308
2127
1692
6406
-222
-8039
-1587
8884
5955
-7311
-9442
-9533
-5474
868
-3654
-2992
-4263
-1875
-3327
-3527
-2701
6245
4955
3477
8921
3840
7158
9278
-805
-3288
-7390
885
1422
9085
-8590
4559
-759
-3858
-7340
8792
-9602
9631
-771
9747
7551
-2240
-607
-1828
8659
8250
3463
-9009
-3598
9063
4350
3014
5927
5255
-4916
-5341
-6650
-7701
-6627
97
3603
6373
3568
-3117
-4462
-9698
9792
2946
-5350
-9786
466
-316
9329
-7586
-5886
995
5260
2604
9079
-2825
4407
285
-4356
-38
-71
-9968
8104
362
-3504
-1698
-3614
4460
-3403
9516
2157
-5932
-2180
-1570
-7347
8854
3467
-2905
-2950
4484
-543
-5793
4746
7385
-5822
2274
2735
858
-5275
3677
-9884
-432
2944
641
-8229
-134
-2260
6017
385
-8106
6312
1944
6247
6142
-3714
1634
7619
1834
3178
-4106
-8993
7513
3142
-9520
-9752
-4831
9710
2944
-3885
8436
-5006
8378
-5974
-7325
-9207
2330
-3599
-9834
-6906
6082
8408
7152
-5328
-5373
1019
-8836
4784
893
3749
-3172
2405
1087
-9113
6253
-9962
-4457
-286
6161
8779
7023
6909
8056
2171
4149
274
-9968
-3673
1517
-3148
-785
-3178
9979
-4297
2375
9096
-9302
-6197
8918
8404
4817
-3049
-4777
-2216
6878
4054
-7764
-1895
4678
-7222
-774
-7090
778
7342
-4192
2630
1633
5062
1614
7648
9163
-2687
-1640
-2214
-3461
2647
2668
-3039
-4912
-4892
-401
-3921
2396
-862
-3337
4688
3077
-6034
-4011
2446
-6861
5032
8349
-4795
-3542
-2283
6921
-2736
-2393
9557
938
-8669
9150
1086
-211
797
3447
-7356
-3338
5083
9148
4665
7511
-1813
754
-7608
-4134
-7051
-4015
2467
-3029
9163
168
-1575
5699
-7689
-574
4948
-8058
-8421
5232
6544
-5621
650
-8337
5375
-1029
-7042
3745
-4954
-7918
4185
-9717
2450
9752
9139
7905
8120
4443
7588
-5732
-2934
-1482
-5801
-2016
-3315
9699
1397
289
6090
-2055
-9207
9312
-7908
-4514
8795
-8431
1067
2095
-4983
7334
-6944
-3687
-1628
-3417
4734
9911
-5020
506
-8784
-2290
-5477
-164
3226
7786
7194
5796
5720
-1914
2120
-7980
-3119
-5293
-67
6545
2215
4299
7100
-8208
-2478
-1485
-2289
7480
-3358
1965
-398
-3558
5107
-3245
5995
-3389
9226
6511
-8694
3722
1647
684
319
8804
-966
5985
3608
-7903
5275
5909
8934
-9221
-5476
-8335
8263
-8304
-7648
-1812
3114
-7680
445
-2558
7160
3199
517
7924
-5708
-6576
6498
-5975
2839
6964
-9447
-8171
2138
2203
8134
8971
-3579
9626
9975
5319
2733
3265
-5103
8557
-5431
461
6213
-5881
-9014
1361
6691
2506
-7872
-5242
2307
-1381
-3586
-9946
3350
-2407
2095
6480
-7024
9475
-3556
191
-2060
-8865
9535
-2534
3969
-2006
-3628
7909
9135
383
-8887
-4537
2583
9800
-9880
6986
-6903
8845
6866
-1778
-7754
-4705
927
-4729
230
-4472
-4155
5950
9040
-4541
6116
9966
7199
-1847
-7697
9369
3067
6464
-4907
-8473
-381
6314
4023
5655
-7446
-8352
-5309
960
5790
5638
-530
-481
3569
-5647
1020
252
6870
-1069
-4619
-8307
-6753
-9856
1960
-9269
-6112
-4651
1439
2099
-564
1923
-566
9103
6975
3588
3680
-57
4614
6457
5598
5932
-2795
-9878
-6742
-1969
7006
5833
-7895
-3655
-3546
8511
-7769
-6453
-3234
2360
-3440
-2294
5635
-9233
-7017
2564
132
425
-4672
-5966
-3268
-3164
-7055
564
-571
3826
-3180
-8063
9008
3163
-8762
6228
1823
2098
-5587
-2182
4773
-3603
-1107
-9254
-5290
4341
3125
-8877
-4884
3231
-722
-53
-9362
4071
9203
-6605
-9017
-7607
380
1471
9634
3613
6760
-2095
-5
9812
5579
-5714
-8145
-8464
592
9611
-5615
-7040
-5454
2803
-1568
-8328
-665
-9769
476
-4585
-9064
2834
3399
7205
8076
8185
5046
-2382
-1532
-8297
4615
8366
-5413
-1840
-992
4879
-7917
-269
6541
-2756
8304
93
3780
-1376
-4215
5381
-7204
8230
-3809
-7695
-9266
-8093
3821
1339
-8644
7601
4653
-1420
9119
5206
6839
3773
293
770
1595
-6075
2846
3502
9665
2052
6958
720
-2180
-1184
1534
686
-7670
-8818
-1521
-3881
-8137
-3354
-3807
2282
-8989
-5762
6484
2655
7426
-5807
-5055
2507
490
7040
-6085
6090
-2458
9831
-830
-3297
4815
2341
-3142
-9442
-5372
-733
5474
-4869
7763
-4181
-759
-9381
-9465
-6416
3855
9158
-219
1098
3319
-9421
-4232
9327
7476
5846
3012
6089
3831
-395
-8001
-4591
-5579
-8034
1078
7920
-1297
-3863
-2983
6623
6834
-6552
5237
8699
-5783
126
6254
-1514
-2179
1269
-6436
-601
7506
-3406
39
3221
1521
-170
4807
4115
-5718
-941
-9298
-8391
6721
-1204
-6474
1964
-5301
6313
8683
-9496
-581
-5554
-1792
8895
-4793
-8914
-8223
-9245
4714
-8466
-1063
6671
9323
4112
6673
5315
3418
1676
6314
-8705
5193
2093
-3106
2293
3790
-714
8229
-1862
-7168
-6893
-3675
2731
-6236
1075
6156
6034
8949
-2050
-7578
-2162
4079
116
-2419
7620
2222
-9061
8280
5495
-2311
-9483
6231
-1826
6943
8695
-2325
-9258
5854
3688
6726
221
-2097
403
-7758
71
-3707
2234
-4696
6170
4416
-1900
4911
4229
3800
2494
3262
6254
6362
-9541
-1253
9353
-1300
1727
-5261
-5965
164
8633
-4649
1163
-6447
-9027
-4501
6735
7564
-2364
1933
-7999
-6522
-405
4344
2665
5093
-8197
1219
5469
503
2525
3800
3018
-2856
-2172
-6667
-1564
7323
6230
-8277
-9713
520
-6096
3782
5185
857
-5596
451
576
-6651
-1519
-3312
-6545
1004
-584
-4842
-7933
6267
7146
-2576
7157
4975
-9485
8043
-3083
-1251
1165
-6236
-4495
-7409
-5181
9994
8840
8492
-3827
9725
-6627
-7033
-7904
6370
3643
6717
4548
-8805
2583
-2075
9359
8543
-5010
-2691
9979
7553
8947
-7436
6285
-2161
-7353
2669
-2256
-1664
-5214
-1631
7478
3512
-4522
4163
9210
-815
-8275
9237
2588
1405
-3539
-9922
-5929
6133
3499
5824
303
4931
1992
8965
-1145
2428
-6445
-1400
7232
5009
-7273
-8756
-4817
-2993
-2779
-4998
7689
611
-1748
7006
-3665
8766
3178
-8929
5406
6542
2822
-7163
-4397
-4237
-5962
-7024
-6836
-9890
4453
5629
4975
-6484
767
-1203
1400
-6681
-5379
6201
-2359
-8501
-9272
-4017
1755
2220
-9156
667
2865
2011
-5889
-5154
6629
-9927
-600
-7577
6704
541
-1487
3506
-9289
5957
-9545
2644
-2876
1778
6434
-5334
5547
5457
-7126
2179
-2999
394
-4549
-390
3115
5085
957
2750
-6458
-9244
5852
9811
9459
7069
-9611
325
-2369
4703
5465
-8450
-5619
6144
5665
8573
-8382
-8488
6481
3926
8211
-5006
6239
5276
9070
9232
-5985
-4355
1657
9992
3686
-397
-5012
1477
-8824
1004
9784
3853
7131
-6870
36
-1136
-9586
415
6096
-3127
-796
-7506
7244
9205
5914
-4090
-2229
3373
9799
-3424
-5238
5608
6780
-3019
-1960
-5010
-98
6103
3139
6633
-4184
-2839
-3255
7474
-7260
8555
648
7624
3624
6739
-4922
2599
-5466
-3720
5195
7376
-7185
-8017
-4479
1868
-7892
690
6301
-731
-7907
-3709
3007
-6385
-371
-9560
-4314
1017
4961
3625
-1695
177
-8263
6485
-26
2154
2842
9650
9670
-3257
5338
-8115
-5978
-6571
-2642
-9056
-6265
-1437
-2688
-716
-1603
7216
-8454
7699
1701
-1890
-9577
3905
9521
3105
-5237
256
-8188
-1122
4676
-4997
-4016
-2195
-8937
4929
-5855
-2575
-3609
3632
-433
3500
-4198
-557
-1274
-9676
-7722
9622
4452
3795
227
-6568
2983
7649
-9248
-4329
3173
1401
8842
4342
-434
-363
7770
1436
-7195
-3304
-717
4168
-9469
8181
9445
-4508
-90
1299
-502
7385
-1077
-227
-1274
8094
-2259
-4201
1972
-4513
-6251
1559
8373
-7417
4255
5787
-216
-1491
9388
7128
-2476
8376
-5588
-4681
-5755
-1070
5422
3684
-5894
3377
5305
1965
8898
8342
-2070
-2746
-9647
-1244
-2390
2567
9625
-7715
-1757
-2455
3710
3939
1901
3868
-4347
3633
181
9112
367
-5276
3318
-2869
-8798
9913
1790
474
3716
-7582
3126
907
-7449
4968
-7405
7816
-5028
6867
665
1076
-9716
336
2378
-5091
-1762
-8726
4210
2322
-8511
-3257
-7495
-4086
7271
1726
4267
-9845
-8334
1101
-4185
-7326
-3775
-743
7808
7657
-8886
-598
-3924
3175
1628
-2586
-3039
-3956
-4437
896
3048
2776
7857
3156
685
-6755
5815
-6058
4137
4890
-6612
4002
-7075
9580
6164
-1063
-1311
-7285
78
-676
-4217
4715
6353
8685
5910
-1305
-7266
-1339
-8803
-4975
-3160
-8374
2447
-6686
1273
-5046
9678
5503
2138
-1691
-9366
9904
2679
5587
9574
5349
1988
-3529
3436
-2941
5086
-870
5430
-8604
-4858
5161
-2927
-4643
1203
-9328
8909
8509
5514
3261
7385
-40
3376
-6363
-9175
1075
-4544
-7189
-9088
-4205
-2464
962
-2204
-5233
-4045
2528
-3269
-3079
-1687
-6453
2009
-7318
8479
1898
54
6732
-7432
-1144
7652
-4987
-1745
1256
-6395
637
3620
7556
2499
-3597
3760
-1783
-2202
-2141
-6583
1093
8174
98
-7843
-4135
-4287
-6009
4948
8097
7607
-6937
-4526
3091
3915
-9047
-7881
-7508
-6797
-8809
7264
-7542
-4901
5983
9401
1221
4236
8741
4538
-4000
-6394
6312
-1525
4462
6975
-8847
4716
4333
9806
1159
-5812
6233
-3924
-4609
-7632
-526
4362
7690
-2973
8275
748
6920
-4477
-3239
-1578
-7431
4435
-4900
4189
7497
-3719
-3744
-9299
-4233
-1817
-6895
9846
-7101
5535
9033
7526
8235
-9886
1627
-7021
4722
-3471
8730
-3190
119
-6524
-1159
1069
5400
-2952
3767
2012
1127
-7861
-9608
-8436
-9412
4984
-9390
-2936
-291
4967
-6352
506
-1950
-2942
-6518
8311
-7328
7576
-4545
526
-2832
5455
902
-5553
1898
-1212
6312
-8260
8258
2147
-5555
504
-235
4012
-1179
-5938
5786
-4349
-9876
6858
9963
-7171
3338
-5565
4666
-9983
-2230
-676
-4706
-6939
-1319
7519
-6256
782
8802
-8695
9138
8559
821
-6679
5639
7668
7795
-5952
-7806
-6995
-2588
321
-2941
8800
8214
-4003
1167
-3014
1081
7567
-1248
6195
-2282
-2720
1008
-9417
-657
4291
-787
-2716
3422
-9679
-2624
8777
4057
-9458
-8694
-7743
-7498
2625
-9045
-8089
8287
7356
-4074
1965
8551
2712
252
-1512
3479
9977
1854
6166
9044
-4745
4536
-7444
-5162
2650
5937
-3117
-5656
-3591
3549
-7037
-2208
-1500
2739
-3384
3605
5363
-4369
-3264
3439
-6997
-2197
-3799
-2022
-6886
903
-6147
5861
4581
3658
2064
-3484
-5493
1134
-4326
9206
821
2720
7644
-4851
-5477
-7037
4292
-2579
-6151
6229
8746
4144
4852
-3919
-4919
-5474
-6642
3349
7589
4420
-8236
3041
9696
8320
-9182
-414
-4673
8120
1290
2316
1790
-4583
-6619
8664
7787
-6169
-7279
-8730
2723
-9504
-9010
6980
-5793
-8165
-3536
654
-479
7654
5220
4814
3737
-212
-2759
-2710
2354
6751
-6649
-6603
-546
-5789
8672
-3426
3795
2657
6210
-7995
-5314
8201
-9761
1438
-2871
261
3265
4203
-8622
-9280
2666
9417
5982
3156
-6471
-2611
5287
7897
2700
-5544
2518
8880
-4251
4782
7760
-8317
3347
-4896
-3504
8609
-3577
-6026
-1123
6301
-9449
5724
2429
-5815
9147
-8785
-8300
7831
-7662
-7627
-2876
388
3815
-4449
-7584
-2629
1449
-8
4864
-4695
-815
1959
6127
-6877
-2539
2526
-7501
-3260
-2681
-2368
3055
-8185
-563
-7354
1711
-2498
3429
540
4935
-5152
5091
-7309
-9285
7504
-369
-5590
-3656
-444
-2493
-6525
2676
5529
6123
-724
-9239
971
5417
-7392
3081
-1409
8318
1727
6088
-5522
8049
8961
-6638
-8258
-6579
-6000
9419
-5238
578
-5080
-6987
-3754
4997
-3939
-4167
-8573
1178
-6921
7480
8993
9014
-193
-9055
6683
5699
8989
4075
1055
9903
-465
-7992
5485
978
-3374
3204
-1732
137
-2183
7319
-6465
-7185
-1782
-2855
1731
-8154
927
-1306
3502
9610
5047
-6331
1113
3983
2948
-3208
-5113
7687
-9101
6745
-1336
3563
2713
4032
-2098
9325
-5215
1611
6810
4488
2711
4883
-3244
9500
-5430
6483
7232
-7542
4109
8289
-7252
-7636
-1841
8138
4319
9523
-2985
-8003
-7448
3470
3887
-6334
-9122
-3266
-9858
3547
-7924
8756
6732
5650
9001
-1530
8995
-2305
-8695
-3679
-7985
3026
-6036
-3091
-3268
-4962
495
1986
3216
4903
-5918
-9815
-3156
-8404
3137
4667
-4463
-394
4368
-7263
1782
-5873
6048
2580
-8116
6201
-3089
1363
-3325
930
-7987
6279
2868
777
-4128
-4496
-7704
-7079
-4656
9563
-2501
4741
9958
5274
6387
4719
5757
4242
-3803
-2600
297
5726
-2492
-9467
-9044
9810
2759
90
6588
914
548
4608
-6678
-5997
-3063
4124
-588
6228
-1979
979
1079
5296
-5747
-189
-8389
2530
6307
2336
-656
3317
4696
8832
6611
623
969
-7284
-8546
-1772
6944
7219
6582
-464
-9704
-6157
5944
-4933
-246
-8784
8342
7177
-8807
9825
9572
4070
-2848
3286
-133
-3169
6580
-9979
-8196
2994
-930
511
-4679
-1938
8430
4824
-8884
2457
-5931
-7312
-8511
5494
-4412
-5894
-1482
-9698
-4208
2347
-6502
-5993
517
-6862
-1300
-3991
-223
3982
2728
-6123
4092
5705
-5818
1166
-7714
4757
4792
4333
2618
-801
2848
7021
7783
-6066
486
9095
-3825
1471
4280
-4881
-3311
-6675
7591
2377
-7543
4180
-4747
2054
-9918
5986
6424
-1114
5235
2419
-186
-5661
-7039
5469
7022
6318
-8425
5389
4299
-5585
2719
-7146
860
3887
-3012
-2128
-7288
-6179
-5529
-6137
4981
-4619
2595
-2715
2842
-5477
-124
-6716
-8564
-9720
-6497
-3938
8496
4443
-8915
9012
-69
-8563
-7496
4148
-1732
-1827
6474
-7067
-3452
-7157
8237
-8642
6212
-1080
-224
-9050
6468
-4004
-8037
-5624
-5192
2680
-713
-605
-6458
-1618
2096
-1853
-4363
-9349
8748
96
4646
-7413
613
6440
-1880
928
6577
1375
1674
-442
-9493
1344
1743
-4545
5074
-2767
9078
4526
8408
-3540
-7861
3297
-3761
1992
9842
9105
-8491
-6446
6427
6198
-4144
2649
7787
-1916
2965
-2558
-1809
-2514
2466
-3768
-923
4435
4858
8867
-2495
-9692
-7110
4395
843
1036
-7076
137
6373
-3773
926
2536
9801
-7360
-7861
3292
-5014
190
-9140
5702
8748
6605
-2673
5553
9199
2888
2457
-1468
3852
5880
7918
-8161
4588
6519
9032
1531
594
-7202
-8989
-899
7511
4967
-4722
-9095
-8723
-2843
-8125
-7760
8539
4429
6476
-5737
-8013
7129
-3982
-3611
-1344
5478
5717
9411
-8115
6493
-8014
5303
3632
2601
802
-1467
2738
6733
9019
-9355
-3072
2223
7444
-4978
1567
7485
8699
1915
-3441
5224
405
5201
4311
3876
-5247
-8205
-3723
4966
9237
-7767
-6614
4258
-9871
6683
6491
-3138
232
-5534
7048
6849
-4510
7167
5283
480
-8748
-4518
3429
8809
8282
8215
4943
207
-8939
8121
-2846
6255
6494
-6154
4392
-4500
-192
-267
-8577
8736
6274
6042
2890
-3282
-7702
-9055
-6554
-3314
7516
-7332
-4575
7564
-9306
5185
6125
-4637
6585
4178
-4839
155
-1711
-8757
-6128
3797
295
-6151
-6651
-6270
-9012
6133
5462
2256
-9689
1331
-7914
-6994
8147
-9484
1791
6757
2079
4263
-9690
7212
9393
-6040
1455
4121
-2548
7737
8423
-4200
9092
-7716
2022
6103
5154
6352
1937
-8128
5081
4277
-104
6105
-1807
-1350
-469
-691
3314
36
-3340
6983
-7600
-1319
5907
4638
5070
-1802
4794
-6520
5215
-5533
-5166
9649
8347
-5667
-9350
7782
-1145
8139
2783
-4222
99
7760
-2413
-8280
-2977
-2505
-1474
-3738
953
-954
-2863
4146
9292
3768
9107
-2903
9029
-4522
1121
6967
2282
-4650
7559
-7202
-5466
6734
-7427
-1606
1819
2245
-7231
7999
1750
-1947
-1606
-3115
-4834
1015
-3114
878
52
-6840
-8404
4320
7496
-5006
637
9455
-9381
4201
-3939
1915
-8260
-481
1978
6754
460
-9041
-8331
-2611
-4047
6952
8446
-4146
398
-3361
2714
6910
-2666
-8733
8600
857
8662
-7566
-2513
318
-2957
-3044
2967
-5248
6715
8209
-8084
3164
-5046
2015
-147
-9760
-1027
-8503
-4845
-5948
8495
9795
6431
4498
-6960
2134
14
833
4693
9469
-9512
-6094
2111
-5248
6121
4132
-408
9879
-6779
-230
-3820
6425
8703
1748
4164
-3457
-1520
-8973
-6309
-8281
-9120
-7557
860
6567
8833
-5018
-9720
-7579
2367
2611
-48
1249
3866
-7943
6240
-5802
-7548
4372
9779
1123
1091
-4401
-650
7476
-9817
-1410
76
-6776
4855
2737
-5275
-5230
9607
1336
2495
5322
-6351
7327
8301
-8223
2987
-2696
-2532
6908
1200
-9020
5610
-5556
9871
8713
1567
1688
-8262
-6795
2498
9321
-5094
-6810
-5530
1350
-5167
6665
-600
9441
-7707
9163
9716
-4621
-9814
8584
5834
3004
-236
-7728
-1657
-3332
-2228
4300
-3263
7120
9980
-8670
-407
7713
-6289
3994
7309
3884
-7761
-2684
-2207
-2864
-2713
-1404
-2023
1047
2386
3954
9566
1326
-535
5905
6137
4554
3801
3370
-9485
-9074
8337
2915
6310
-4802
7385
5347
-4484
6984
-8145
5378
5355
6679
3403
-6299
-8248
-3523
3268
619
4376
7311
3096
-1718
8657
2023
-371
4607
3962
-7341
-7055
6127
-6135
5512
8783
-691
-5589
1370
9479
267
9362
-9563
5218
-8654
-2437
-8558
7506
-274
6922
-7304
167
-2053
-8101
-762
-308
-800
7016
-5392
-3643
-8761
-2468
8467
-9672
-8050
-9695
1935
2793
-3124
2744
1425
-8777
4427
-4127
8665
9964
8027
-1307
9758
-7417
-3880
5332
-692
-9126
730
-6045
6998
6780
3183
-3061
3499
-1723
1650
5512
-9844
7896
9313
-1115
2647
-6498
4228
7852
2632
-5058
-7573
-4141
-6589
7281
-5749
6807
-4311
-8371
644
8071
-2239
-2063
-9130
9778
-9199
592
-3930
6835
-5602
-2632
-5948
8977
-9919
-5052
9939
-4117
-8711
164
-5486
-660
7114
-4903
-2417
-7461
4087
-3706
7131
-2259
-4592
3633
6787
7885
-9797
-7276
-6156
-4848
-3221
-3732
-1991
-9931
-6702
-5623
7089
-1606
-3112
-8330
2
-92
-2051
-197
9739
3104
229
8079
9357
-7109
-735
-8025
-7391
4582
1820
-390
7458
6768
-2774
9585
-4485
-1863
-2136
-9855
-6609
-1180
-9519
9226
2902
5588
2651
7674
-3682
1994
9412
-6122
-9923
9546
3953
6989
-4193
-5998
-6809
8051
1042
2136
-5803
-6355
3671
-1431
624
5004
3948
-216
-335
7040
5801
2921
9528
-3577
-4802
714
-5004
5522
7529
700
4420
-55
8192
6799
-4750
1428
-8975
-5587
-2720
4912
7753
-3597
2805
-1078
-1755
-3417
-8854
1769
-3770
-135
-8650
-7470
-2053
-6293
1316
5474
2312
-5765
-5764
9275
299
2206
-6080
8313
8547
-1049
9460
2281
7579
-9532
6628
2528
-1395
-948
-1466
8759
-5510
6151
1254
-1872
-9717
7591
1522
-9750
-3385
-7133
3033
6287
5278
3891
-4506
-1980
-9493
5415
6322
3706
-8273
9271
8671
-8505
-6049
-2340
-8493
-1646
569
6886
7524
2645
-100
2255
2868
1949
1686
-2663
-899
4166
2600
6287
2168
-410
-9109
6672
-4165
4407
-565
-7960
-2250
-8076
3755
8421
-4899
-3122
-3013
-3019
-6120
-9759
-2715
6322
-9205
-2727
-5157
-7878
-9872
9878
5481
9366
-800
5864
5653
2901
5527
-7663
-221
-4211
6396
-1817
-5040
1718
7297
-8496
-9597
7689
9480
-8130
9329
6269
8896
4349
9632
2863
8881
2581
6255
2815
7147
-8498
3000
-4456
-5994
6838
4418
-1465
-6772
-1882
-536
2652
9508
-5270
-2251
-7911
-2721
-9624
-3485
-2792
-5579
337
1859
-3449
-8607
8051
1290
-4434
-8551
2779
6329
-6166
757
-1487
-6323
-9925
8658
-4228
-8620
4761
-2288
2571
2430
3836
836
8599
-7555
3912
-1508
7526
-9683
9179
2807
6353
1147
-6598
7414
7849
9317
-3480
-8062
2388
-3793
-5286
-1724
-1142
-8136
5215
2123
827
2800
2736
7742
-6212
9192
-6942
-3503
-7960
3863
-8854
458
-345
-7259
6092
-8836
8985
-8118
3279
-9306
-7718
-301
-4685
7183
-2722
-5326
7619
-9750
-4093
8648
-8008
-6917
-3077
-6341
2058
-2593
-2267
-3642
-1848
5199
-1450
-1822
-3939
6687
-7157
-8266
-6051
-1954
2080
4324
4878
4179
-161
7934
8515
2039
-9302
-8156
-5056
-1787
-7389
-1334
5940
-9195
-1971
-2400
4608
131
-1356
9700
3032
5360
-8609
9118
9328
-5075
-795
1580
491
7405
-952
6734
5479
6519
-8140
4585
-5868
-979
-5685
7857
-8088
7441
665
-8075
-2191
-8975
-5557
-8132
-6600
7672
4447
2216
-5325
7244
-2859
9157
-4883
2416
-1450
7211
-1585
-3022
2649
2824
2291
3580
-9542
5851
-8900
-7074
-5753
-3433
4168
4702
-5339
-9384
9300
-3174
-4917
7253
6429
-5877
-2835
-2800
-4912
87
4219
5702
1200
-3857
5046
-6473
-6402
-8337
-222
-5804
8806
4940
1424
9138
3744
-9540
2099
-5766
-9619
1014
-8745
-9070
-6226
4516
-5234
3028
-4485
4928
8332
-3693
-1716
4226
6422
2288
-5957
8096
-1124
-283
-1677
1899
1246
7786
6139
5401
2132
-6384
-8746
-5125
-9004
-6783
9840
-602
-6676
9875
1989
-5495
6498
6897
-9842
-9129
-605
-7381
-7750
8230
-8535
4772
-1094
-4486
2902
-1437
9499
7041
6573
8296
-619
-8514
-5542
5796
2161
-4412
-3375
663
-4951
7629
-873
-2910
-7191
7192
-1247
-72
6379
7093
7135
8713
5925
-8976
-5488
-7486
4940
6150
4321
768
-8121
3743
-6235
-4353
-1055
-7051
2687
-9915
-6198
2817
3260
2201
9332
-4006
-3535
-8331
8940
3831
-2231
6502
567
-2917
-5934
-277
1167
9026
-3290
-5417
-4714
8512
1326
4267
6296
-663
-5894
7415
6914
-726
-3582
4365
-3196
7207
-5196
-9370
9421
44
1841
3969
-2361
-7577
-5179
9250
8336
1695
3854
1412
9734
8267
8728
-9066
2170
7129
-5229
8544
2871
-9791
-8061
6272
8388
1180
-1516
546
4544
4459
-9175
-385
-6940
8347
4621
2430
-3552
-1413
-1485
8995
8360
-6859
1722
3236
-4755
1524
-713
-1389
7004
2800
4824
-6052
-757
5181
9451
-7574
7831
-2874
-2149
-9857
7631
4962
7589
2372
-8396
-4757
-3808
5391
3912
1441
-7932
9694
-8771
-5995
-139
6410
165
-9548
8704
2931
5482
-2155
-7368
6014
3791
-6115
-3541
1069
-9580
4816
7540
-5160
-6626
8417
4089
-4632
7611
-1401
4126
-2093
-4701
-5522
-4405
8380
-6703
1236
7844
6976
-2233
-7291
7416
-6323
-2325
6365
6981
4771
3857
150
5200
4811
8396
-2300
7525
2053
-9742
3467
-6909
7005
-2559
2560
-8665
-6435
3329
-8547
-6605
-9899
-4477
-4840
8029
3865
9114
-5917
-477
6294
3137
9488
-4050
-935
-1033
372
-9894
1126
-7598
6481
-7348
5497
-2587
-7669
-2834
-8688
-1141
5306
238
1299
3890
-2746
6235
7868
7327
-6518
-4025
-8031
5023
5626
-8679
8073
990
-4368
3582
5876
-945
6900
-7401
4790
7842
5615
5549
-9244
-912
426
9718
6644
3627
-8197
1911
-2791
6766
3782
8635
7585
-4572
-9714
5854
207
-6958
5780
4838
9349
-4967
5755
-8465
-5372
7684
-3590
-9131
5326
-3783
4819
-5473
5848
4127
-8999
1029
-639
-4898
-8440
-9742
1377
-8643
-9167
-8847
-2000
-2297
48
851
-5416
9428
7505
-3635
-313
3835
3602
5746
-3489
-9731
3288
-5335
9442
1487
5571
-3497
-3213
-9566
4763
9287
-7467
-9163
1381
1166
-321
7402
-8023
7674
5646
2026
6627
8585
6270
-3894
-9588
-4
9078
-4169
-9029
8090
-1204
7306
-1996
5075
8477
1404
2619
4901
8158
-5545
4505
-3376
-380
-9822
-6883
-3336
-9392
701
5433
7687
-5226
-9884
-2720
1514
4652
2655
-2112
-3838
-5873
9425
7962
-6959
4150
-7419
-9504
-686
-9164
3869
-9521
2563
8674
5645
4739
-9846
3171
6857
6427
-5915
-2913
3840
9949
-6422
-7695
6393
1663
2346
-4589
-6727
-774
5165
9249
-1922
-1775
9333
-5045
-3592
-1453
511
-563
8277
-5056
-335
1749
5938
6323
8003
-1491
6595
6521
227
3285
-8090
5685
2914
-2235
-8187
-4171
-5553
3588
-1246
-3247
5714
2851
420
-778
6616
2622
-6161
1160
-7513
-5850
-8137
9585
-3380
1062
-5772
-3913
-9656
2429
9697
6923
-9489
-3567
3235
88
-4279
-1772
2729
-8758
-2742
1641
-6544
-2037
-1540
-1465
-4667
-2522
7122
1908
-2105
-3055
-450
-761
1054
-2747
-8006
-8876
-4166
-8534
-4561
6885
-1348
-2777
-6858
-6356
5088
-1229
6780
8257
-5274
8773
6698
2524
-2720
-7362
-5471
1283
2059
8835
2320
-9768
-2214
7491
-8728
-4199
7811
-3409
-4588
-7156
-3022
-9872
667
-2316
-9274
-4172
-1728
-6275
4418
1394
2904
-5155
-8520
-2295
573
-2256
2635
-5012
9065
8647
5292
3703
-5419
-8003
2131
5746
-7721
-788
-9020
-6473
5471
-5905
4253
4603
8563
-1827
-4432
7719
-7848
-6003
3573
2541
5225
7361
-1404
-259
8997
430
6418
-9232
-249
6945
5278
-2680
3834
7895
7186
9399
-2968
1564
2642
-2212
-7355
5281
9100
1906
-2151
-2062
-2204
7201
-3696
-7892
1020
-2401
-3519
-7519
2463
-1996
9789
-6596
6980
9416
-9642
-7552
-7088
5002
-772
9233
-9939
-742
9618
-889
-546
4394
7205
-97
-2724
8176
-523
6488
4606
5661
-8329
-7148
-2930
-6360
-6697
-5856
-5904
-8958
8891
2239
6104
1176
-724
-2421
9838
2394
-4209
-2753
6948
2625
8528
4705
-996
172
-7882
128
3333
-1702
-2345
-8053
-1639
4322
7782
-14
4600
5295
3493
-1521
-2010
-8166
5778
-6667
-4024
-767
-6957
2092
-6460
-9268
-3908
7417
-3663
1680
-3551
5240
1151
-4748
967
7349
-9917
-9464
-4112
4755
-5806
-8008
-3091
-6959
4773
-4365
8314
3756
5961
-8211
3864
-3030
-8844
6834
4890
9276
7449
7090
-3098
-1217
7249
6858
-4956
4097
-5618
-425
851
-2241
-6922
6158
8014
6344
2606
7825
-6766
9147
7766
2052
9778
-4677
-4003
9756
5916
-4608
5554
9425
-1734
7136
-3969
-365
848
8266
-7556
-4774
4741
8578
7150
4397
306
2912
-9924
-5936
-5769
2843
-2943
9067
-2999
9841
-1513
7136
2923
5551
-3894
6022
-5538
-4142
-5603
-8227
-4619
-5407
4896
7884
-6919
9976
6662
-6135
9514
2352
4228
8790
2206
-4707
-4480
423
2144
3762
6573
3816
3679
-7110
7303
-5449
-6893
-1233
-6836
1319
-2798
8719
1209
100
-9259
-7329
5881
7954
2932
-463
9826
8247
6673
2900
8056
-8853
1680
-1118
6
3293
-7210
5686
-6664
8776
-1874
9103
5757
9923
-1712
1210
6759
830
-2580
-9526
9777
9211
9676
689
7163
2821
-9429
3400
-4720
-4386
1645
3945
5084
5690
9016
4720
-5244
-7747
-8321
964
-4715
-7996
-6258
4150
7297
6707
-3691
-4044
8044
3190
9389
-8150
1127
-5384
-8118
-2550
8344
-2433
-1327
-6843
3005
3359
7761
2908
-2874
3966
-2424
-8523
1095
-6965
4828
-8597
-6285
673
-3364
5376
-7009
-2927
-2814
2874
3579
-5513
-1216
-9146
-4502
9674
-45
7439
558
-359
9071
4861
-2159
-7601
-8958
-6665
-2295
1360
-3296
-8979
4918
-2851
-208
6963
5871
-6180
-5217
-6381
2259
7787
389
3555
4184
7275
8098
-9150
-688
7704
-7078
-7995
-8437
4107
4418
3341
-7287
5565
-17
2352
-6602
8591
9640
-1023
-3835
-3489
-8294
9436
2547
101
-7818
30
8587
1082
-2867
-8739
-1216
4566
7040
3621
-2853
9127
4783
5565
-4159
3902
-5149
-8482
-3149
968
336
-6907
-9812
8220
-3581
-9701
-6704
3077
-5682
1150
-9313
546
8023
7879
253
545
-2342
5869
-6745
8845
7956
-2567
8711
-6410
8039
-3220
9694
5088
9651
4722
9015
-9615
-5100
-7845
4811
-3847
1796
-163
-7240
-6533
-3982
-1344
979
-3687
837
-616
6054
1992
3517
-6202
-5724
-3933
6233
-9891
-9189
-2905
2233
-5240
-8657
7105
-6107
-9993
-4286
2640
8305
2029
1097
8147
8147
7901
3469
-1403
883
-8582
451
1440
-2335
7517
6019
9345
4858
-7029
-1826
-5337
5714
7088
4333
-5872
7482
249
6027
8029
-9878
-9528
-5568
-8025
-3210
-1457
-8672
-8692
-6621
-9175
6272
-1694
-5296
5508
-9927
600
8217
-7172
7141
-4487
2714
2740
4769
9546
9101
4495
6207
4789
3012
1816
-3903
-5181
5002
-5429
1850
-8561
2999
-6690
2580
604
-6154
-3458
-1576
986
-3972
-7710
7356
-8145
4026
5258
4095
8277
-3716
-1169
-3773
-8892
-6628
-2794
6384
6918
-9306
-2952
-3883
-1419
978
-9567
7068
-8742
-4240
1162
8071
358
-7747
5139
3064
8210
-7815
2121
-6061
-5586
2614
-9048
4961
1154
-4780
-6706
905
9235
-9811
-8085
9807
-6772
3583
-1258
-7040
-5191
-7062
5179
9826
2219
-5130
-7406
3507
-9239
-9431
-5568
3684
4361
332
3037
8203
1377
-3348
4085
1947
9293
-3088
-567
2199
-7702
-8693
5202
3383
-6568
-556
6095
-9096
8652
9875
9235
3732
4044
884
-8793
8434
-626
7939
-9469
3601
-8737
-6520
4442
2853
-2502
8118
3666
7114
-9660
8773
1754
-7611
-8832
-1015
6596
7960
1371
-705
895
1737
5157
1540
5653
4478
-1224
9893
-3852
-7418
-2374
3588
3403
-9568
7808
-8462
5808
7525
1935
7455
-4633
-6907
-9673
-4477
-9096
-8506
8216
1396
6644
-4708
7144
-9061
8715
-157
4530
-9890
4425
3069
9155
-6682
9552
7217
2327
4738
7440
5568
-5417
-2661
-9644
-3619
-3997
-2264
-1671
-1185
-5455
-8523
3615
-8890
-8689
-6963
9976
-9980
-5765
-2499
5101
2309
2387
6848
1797
4038
1992
2689
8978
1480
2163
-486
7026
-1361
3505
-2319
3756
708
-4066
3825
-3016
227
3423
-2171
7640
3266
-7164
140
-6628
-3360
1646
-9039
6768
-5981
-4991
-6248
4591
8678
-3445
-567
4862
3746
9208
-5142
7106
6998
-7559
9360
-2187
6512
-9379
6529
-2129
6018
-6591
4933
-8298
-5736
-6320
-8920
8831
-8526
-8977
-9309
7785
-2245
9596
-9768
-483
3256
-2055
9657
2948
7962
-4579
-566
8747
182
4846
-9794
-839
-2880
4382
1766
-8551
-1658
2852
-406
429
3535
-7752
-8211
-8369
-353
-1216
6989
772
9289
-484
4756
7490
-7758
-4528
3933
-8267
5001
-5845
-8459
9707
9397
-5615
-4881
2953
776
4705
4723
-1079
-1462
2871
-2648
-5702
7481
-1532
6164
-6598
-2942
-6750
9612
3089
-2519
4569
-8484
2947
-3472
6041
2089
-5090
-996
6658
-7975
-9998
1978
-5433
-2898
-8447
3237
-4991
-984
4039
-2143
-6754
-235
-5422
8323
-7216
1474
189
-2650
-3226
1316
8029
9387
-3769
-7908
-1834
-3348
2521
2985
8808
8737
-6422
2184
2473
870
-6629
-6704
-1771
5372
-7606
-9153
9930
-6820
3289
-3306
-6734
7950
-9828
-1225
-4482
3889
-7133
-3609
1006
341
7914
2103
-7424
1020
7136
-694
4831
-6075
-8533
6684
8350
9100
-7127
-3982
-4158
5762
-9604
8171
909
7746
-2278
-6408
8036
6768
9138
8319
8465
6728
-1669
4189
749
9065
-9783
2875
7082
-870
9832
-2658
-3097
6614
-5716
1464
-2181
-756
-6118
8795
-9463
8292
6741
4850
9296
-3136
7564
3784
2172
7545
5720
9963
6719
4588
384
-2333
5495
-2239
-8819
-1903
3373
-208
-8337
1776
-6091
7507
-100
6652
-4409
7909
5560
7396
439
-5246
-3902
9814
7231
-1348
6000
5756
9519
4258
-7504
-1423
-5348
-8175
-1208
6919
4176
-2789
1543
-4518
8243
-5647
-6828
5467
-2866
7319
1602
4467
-8535
-4805
57
5873
-663
2444
7836
1225
3490
9747
9269
5439
4414
-4054
2588
-5537
-3615
-9595
-7003
-2290
-7387
-3129
4990
-6570
2906
4923
7761
4239
2708
-6879
4594
2137
-4103
9177
-7862
7590
5381
6757
8772
5635
5307
6028
2536
3492
-3364
5552
-1340
-1247
3849
6879
-5755
-4985
-5290
-26
-6591
-7317
-2684
-2414
76
-3339
9042
-309
7505
-193
565
-4630
3814
1263
-5226
8784
-9070
2143
5182
8347
-9227
7593
-8657
3772
6933
-6173
9859
-5654
2715
-8450
8641
3623
7151
-7010
9478
638
9388
8836
9276
5857
8892
3445
3934
-8792
-6035
1993
459
7915
4296
-8440
-7298
-6756
-5359
9716
-5984
-2096
-3827
8724
6174
-558
9649
1309
-1961
3891
272
-5236
9765
7797
-2036
4184
8714
-4152
-1259
2758
1826
5515
-7025
-2699
-4186
-569
-5435
-9432
-8640
8675
-8635
8424
396
5696
1713
9543
6570
-5706
4480
-1902
8199
5918
-9204
5743
-9761
6432
4457
-1771
7272
5641
-5025
-5902
2985
2972
2361
-1836
3341
-2894
5902
-9124
366
-5272
613
-3852
-8571
-5810
-5558
-5134
-5100
-6491
6962
-927
7256
-991
-4033
-7350
-1034
-9215
2272
-1616
6914
-5692
4955
8375
9642
-6402
-606
-4951
8359
801
8692
3387
1466
9354
-4623
-8524
-6792
3576
-5182
-3840
-1836
-3863
4297
-6728
-7616
-3268
-7500
-2144
-674
194
2958
8734
4096
366
-8018
3963
3080
7220
6740
-1050
-2305
9064
-7707
7353
-9243
-919
-2148
-3562
1913
-3968
-8135
3186
4574
-7356
-6735
-4846
987
2014
1839
1035
-5662
2313
4575
-180
7205
3120
6810
4617
-5792
-7062
7077
7422
3377
-3274
2798
4535
-4491
-5256
314
-1212
-6249
9580
7186
-5584
6622
-3109
7356
3128
6887
-2759
406
5828
-4028
1334
5081
3432
-996
9015
4137
2376
-882
3612
2732
-4386
-8681
-2499
5777
-1632
-4029
-7796
-9005
-708
-101
-3075
3957
-7564
9144
3099
8890
3094
1519
-646
-5140
-8500
-534
-8783
709
-7614
4071
2982
4119
5477
-343
5323
308
-7690
-4976
-8418
-5963
-1882
-7803
-1929
4973
4013
6448
9309
936
4363
2389
7828
6156
-3026
119
-54
2350
9607
2643
-6095
9345
5312
1242
4785
-1131
-8735
8993
-8151
312
957
-5737
-1761
380
8039
-4141
426
36
1595
-664
5357
-8531
7247
84
-3056
-4464
-3747
-7080
-9638
-4236
5645
-9775
2549
-1097
-3562
1050
-9629
3965
4104
2176
4140
-8219
5706
-1225
-6585
-4652
1539
7063
4547
-2427
5548
-5698
4923
7490
-1512
2499
-2403
8636
506
1339
-8204
-6012
5722
3157
9731
715
-9620
8167
-1784
-5052
-1719
-8287
-5212
-8082
2444
-3048
-7673
9985
337
-3837
-6373
8449
1536
-8185
7941
8524
-8755
4517
-4809
4408
939
-831
-9614
-2840
8209
-7090
687
7898
1919
8849
669
8830
5928
8132
-2499
-9286
-5171
9539
-2939
3582
-1376
-9416
-5501
3880
-342
-2976
-1734
-4305
-5157
8698
-4646
6291
8924
-1226
-2685
6920
405
812
-8471
-1261
794
3372
309
-9403
9917
5541
1573
583
-4672
8315
9171
-3557
-7777
6632
8362
-8682
-8264
4696
-7468
-9271
187
3344
-9083
4329
9531
2277
-6093
-8334
197
2353
-7531
5074
1482
3477
-8718
4715
1784
-7799
-8638
-9016
-8750
-207
7276
7628
-7253
6312
6494
-4673
-6401
9156
-6009
-44
-9832
5570
-6118
2305
64
-2250
1726
-3189
2718
-3491
-3961
5663
-2016
-5189
5659
-8372
4633
6098
-9242
8057
-4219
-6093
9658
-2290
6764
-853
-9015
3460
-7630
-769
-8638
3313
-4923
9365
-7605
9871
-6400
412
-2328
31
-7994
54
-9684
4573
3615
4368
4772
9269
1043
-4507
-7343
-756
4020
-2296
1858
-3465
-48
8994
458
-2857
-1253
-1809
2684
8351
-6986
-1338
-7281
-328
7520
-1188
-5922
-8476
-2327
6878
-2857
-5443
-4219
-7073
-4428
-441
5985
4506
-6567
2928
-5990
-5963
9279
-4034
6263
5856
783
7549
4293
8690
4156
9239
-4704
5406
6209
9481
-2957
6029
3812
-740
-3450
-7696
-4645
5431
5771
-7499
-8027
-87
4728
3671
-7587
3053
-7216
5253
-5225
7644
2081
2703
810
-3522
3718
2706
3990
-9237
-3130
-7388
1282
9322
-6234
-4148
-9633
-762
-637
2403
8995
-2551
-6464
8772
1199
-257
-4251
5506
-3653
8757
7389
1889
1258
5739
5383
-2714
-6914
2240
2165
-3515
1258
-2662
-8277
2444
388
-6397
9198
3987
2970
-9262
2381
8312
544
-308
7484
8534
-4871
1964
-1355
5081
8884
-1000
923
-3640
-713
-5296
-102
-1044
-419
-9473
7495
-9519
9739
7005
-6711
9269
1990
-1756
3288
-5768
-3333
-3423
4083
5547
9141
-6563
9253
-7865
6652
9495
7043
5581
5037
-7807
-6423
1651
-326
2032
4270
477
2405
-9702
7575
-5701
6764
-9565
-136
-2269
7528
2806
-2027
9683
-2571
8360
6817
-1676
-6198
542
3505
-9080
-8994
-3238
6508
8876
-9334
828
8664
-4991
-8927
-3996
6215
-5155
-461
-5345
-7445
-3370
7069
-5061
5012
5817
-6605
-2384
-4297
8912
-7753
-3267
3457
8875
1649
-3177
-7295
9669
-7866
6208
-2546
-8916
6947
-8897
3653
6637
2587
8450
1681
-2896
5550
6721
2167
203
1637
-6534
-7025
-7080
7914
-4096
2978
7169
4232
6645
9069
-8243
1127
-9568
-3085
-5961
-5975
9792
3059
3143
-163
7559
6211
-6623
-8645
2495
-986
-8841
-2682
-9479
-2006
1718
1551
-1392
-911
-7092
-6698
-9076
-1115
2568
-7295
-2408
-2438
-6818
230
5238
-1431
3010
-2935
-4509
2166
-3634
-5442
2698
-4769
-2587
-4839
5321
8109
1599
4758
6862
767
-3210
6837
1608
-4813
-7810
-7350
-1912
8636
7282
-1693
8875
3361
-4682
9725
9201
-7737
6319
-616
-1189
7200
-6978
-4936
-8380
6873
9954
-9978
5914
-5424
-9492
6540
-5793
-7355
9893
316
-3642
13
-7218
1893
2091
2094
3729
-6915
9857
8055
5618
-8633
7758
-459
6907
3203
-717
7077
1892
8513
-8349
5592
-75
-7208
-2178
-1097
-716
-9186
-5441
4504
9295
6448
8406
-5369
372
6781
9045
-2681
5768
-4403
-4791
-7938
-8872
-8867
2198
8678
8360
6183
1974
-4887
-1162
-5258
6970
182
7667
8758
6911
606
-4548
938
4337
8216
7006
-4821
8960
2836
-2612
4856
3601
9096
4889
-8993
5175
-8707
-2190
-2563
-6959
-533
7347
-2229
3985
1934
-7627
738
-1766
4805
3618
4234
4109
7400
4486
6187
-9744
-6063
3717
-9205
-6108
-3436
1068
-7582
-8916
2471
1405
-3818
-9185
-1196
-5149
4351
8418
-6997
-8936
550
5958
-6614
-5777
112
-2783
5027
-7990
4164
3173
9351
6621
-2513
-9793
-7601
-1260
5764
7742
6300
6518
-3493
4622
-8711
641
9791
4265
-8536
3989
-165
-2554
6469
-323
-3416
8579
-6551
-5107
-2430
6430
8853
-436
-5284
3434
-1957
-1330
8136
-868
2183
4953
-418
-7283
-3508
-5216
-8135
-2733
1729
-5871
7401
-6011
1611
-6182
-1046
8614
-7082
-6243
-1233
-5916
-7860
4238
-1611
3754
2767
9171
-9117
-2449
-9267
843
-477
-92
2011
8736
2627
2705
5958
5922
2919
-865
833
5798
1578
5035
-6291
-885
2103
-6845
6065
6731
7171
-7241
-1570
-2975
2884
-7934
-7241
-1410
9079
4274
-485
8561
-8146
-779
8033
-5085
5002
2270
-6703
-2947
-9258
-474
-9950
3163
6983
4286
6020
5150
-1772
-6570
-9938
2312
-9608
-5553
-1849
3503
5885
-6126
-9633
4143
4732
6183
5474
9271
-127
8450
-3894
-3292
-9616
-9341
7302
5442
5040
-5944
3767
-6481
-9536
-9286
-2752
-2998
-6949
-3695
-5704
-3047
-8100
5052
-3095
4966
1210
-9062
3711
9398
-5111
-7544
-2147
4267
-6417
9542
9088
-9342
-5127
-9194
2363
-3445
1110
-3210
-7159
5134
6167
-9361
-1788
-6117
2292
-8474
-6838
7278
1386
8040
7978
-5680
-8866
8905
-6479
-1133
5813
6617
-1789
-4498
3975
5890
9110
-3417
-9165
3338
-1115
-2868
1825
-2637
-6861
-6565
-4384
-2025
8502
8444
9888
-4894
-9144
2528
-8894
-9056
5245
1653
868
6933
-5817
-3307
5573
-714
9582
-2592
-6259
-1782
-5124
2508
-4241
5573
8696
-6752
4598
3115
-926
-7795
-7171
-509
-1866
-8903
-8781
-2302
-8844
2002
-2763
-3128
1084
4797
-1978
-7676
-231
-9655
1651
5940
-9366
-6291
-6994
5454
3937
-5387
6091
-4471
5451
-6615
-6643
6217
2133
9772
-5599
5059
-5779
-666
1334
-2027
-7791
-2502
6214
1006
9287
4897
-2914
152
-4931
-693
3535
9664
-5165
-761
45
-9391
-18
-7823
-3906
929
52
-3509
-4477
-4199
-5580
-9803
-5391
2913
-7378
-7963
8168
1006
6317
755
6087
-7894
-7035
6975
8903
-2109
-8368
8771
-9686
8902
-5396
6759
7009
-8337
5121
7511
1692
-6801
1053
5056
3975
-4910
-2813
-525
5510
-101
-5389
8801
-9237
1646
4718
-4107
2862
-981
-2534
5500
-4870
-4958
8798
8325
3286
-9784
-9519
-1227
-9359
-2568
-2830
-9098
9312
6478
68
3168
4025
3526
-5631
-3285
2034
6732
8530
-5760
2502
-7100
7379
-3143
1853
2174
8277
-5050
7730
-2232
-269
-4351
3540
6039
5279
4344
8012
8460
-8062
562
9740
1616